------------------ ------------------------------------------------------------ ------ ------ ------ ------ ------ ------ ------ ------ ------ ------ ------------- ------ ------ ------ ------ ------ ------ ------ ------ ------ ------ ------ ------ ------ ------ ------ ------ ------ ------ ------ ------ ------ ------ ------ ------ ------ ------ ------ ------ ------ ------ ------ ------ ------ ------ ------ ------ ------
Kernel Name        kernel_cutlass_kernel___main__Sm100SimpleCopyKernel_object_a                                                                                                                                                                                                                                                                                                                                                       
                   t__Copy_Atom_ThrID_10_TV_Layout_Src_11638401_TV_Layout_Dst_1                                                                                                                                                                                                                                                                                                                                                       
                   1638401_Value_type_f32_tensor00_o_409681921110_Copy_Atom_Thr                                                                                                                                                                                                                                                                                                                                                       
                   ID_10_T_0                                                                                                                                                                                                                                                                                                                                                                                                          
------------------ ------------------------------------------------------------ ------ ------ ------ ------ ------ ------ ------ ------ ------ ------ ------------- ------ ------ ------ ------ ------ ------ ------ ------ ------ ------ ------ ------ ------ ------ ------ ------ ------ ------ ------ ------ ------ ------ ------ ------ ------ ------ ------ ------ ------ ------ ------ ------ ------ ------ ------ ------ ------
Address            Source                                                       Warp S Warp S # Samp Instru Thread Predic Avg. T Avg. P Avg. P Diverg Addres        L1 Con stall_ stall_ stall_ stall_ stall_ stall_ stall_ stall_ stall_ stall_ stall_ stall_ stall_ stall_ stall_ stall_ stall_ stall_ stall_ stall_ stall_ stall_ stall_ stall_ stall_ stall_ stall_ stall_ stall_ stall_ stall_ stall_ stall_ stall_ stall_ stall_
                                                                                tall S tall S les    ctions  Instr ated-O hreads redica redica ent Br s Spac        flicts barrie branch dispat drain  imc    lg     long_s math   membar mio    misc   no_ins not_se select short_ sleep  tex    wait   barrie branch dispat drain  imc (N lg (No long_s math ( membar mio (N misc ( no_ins not_se select short_ sleepi tex (N wait (
                                                                                amplin amplin         Execu uction n Thre  Execu ted-On ted-On anches e              Share r      _resol ch                          b                                  t      lected ed     sb                          r (Not _resol ch (No (Not I ot Iss t Issu b (Not Not Is  (Not  ot Iss Not Is t (Not lected ed (No sb (No ng (No ot Iss Not Is
                                                                                g (All g (Not        ted    s Exec ad Ins ted     Threa  Threa                      d N-Wa        ving                                                                                                                    Issue ving ( t Issu ssued) ued)   ed)     Issue sued)  Issued ued)   sued)   Issue  (Not  t Issu t Issu t Issu ued)   sued) 
                                                                                 Sampl -issue               uted   tructi        ds Exe ds Une                      y                                                                                                                                    d)     Not Is ed)                         d)            )                    d)     Issued ed)    ed)    ed)                 
                                                                                es)    d Samp                      ons Ex        cuted  xecute                                                                                                                                                                  sued)                                                                        )                                        
                                                                                       les)                        ecuted               d                                                                                                                                                                                                                                                                                             
0x7f3ce37a2800           LDC R1, c[0x0][0x28]                                   13     13     13     2048   65536  65536  32     32     0      0      -             0      0      0      0      0      0      0      0      0      0      0      0      13     0      0      0      0      0      0      0      0      0      0      0      0      0      0      0      0      0      13     0      0      0      0      0      0     
0x7f3ce37a2810           S2R R3, SR_CgaCtaId                                    2      0      2      2048   65536  65536  32     32     0      0      -             0      0      0      0      0      0      0      0      0      0      0      0      0      0      2      0      0      0      0      0      0      0      0      0      0      0      0      0      0      0      0      0      0      0      0      0      0     
0x7f3ce37a2820           MOV R0, 0x400                                          1      0      1      2048   65536  65536  32     32     0      0      -             0      0      0      0      0      0      0      0      0      0      0      0      0      0      1      0      0      0      0      0      0      0      0      0      0      0      0      0      0      0      0      0      0      0      0      0      0     
0x7f3ce37a2830           ELECT P0, URZ, PT                                      0      0      0      2048   65536  65536  32     32     0      0      -             0      0      0      0      0      0      0      0      0      0      0      0      0      0      0      0      0      0      0      0      0      0      0      0      0      0      0      0      0      0      0      0      0      0      0      0      0     
0x7f3ce37a2840           S2UR UR6, SR_CTAID.X                                   3      3      3      2048   65536  65536  32     32     0      0      -             0      0      0      0      0      0      0      0      0      0      0      0      0      0      0      0      0      0      3      0      0      0      0      0      0      0      0      0      0      0      0      0      0      0      0      0      3     
0x7f3ce37a2850           UMOV UR4, 0x1                                          0      0      0      2048   65536  65536  32     32     0      0      -             0      0      0      0      0      0      0      0      0      0      0      0      0      0      0      0      0      0      0      0      0      0      0      0      0      0      0      0      0      0      0      0      0      0      0      0      0     
0x7f3ce37a2860           ELECT P1, URZ, PT                                      0      0      0      2048   65536  65536  32     32     0      0      -             0      0      0      0      0      0      0      0      0      0      0      0      0      0      0      0      0      0      0      0      0      0      0      0      0      0      0      0      0      0      0      0      0      0      0      0      0     
0x7f3ce37a2870           UIADD3 UR4, -UR4, 0x100000, URZ                        1      0      1      2048   65536  65536  32     32     0      0      -             0      0      0      0      0      0      0      0      0      0      0      0      0      0      1      0      0      0      0      0      0      0      0      0      0      0      0      0      0      0      0      0      0      0      0      0      0     
0x7f3ce37a2880           USHF.L.U32 UR5, UR4, 0xb, URZ                          0      0      0      2048   65536  65536  32     32     0      0      -             0      0      0      0      0      0      0      0      0      0      0      0      0      0      0      0      0      0      0      0      0      0      0      0      0      0      0      0      0      0      0      0      0      0      0      0      0     
0x7f3ce37a2890           USHF.L.U32 UR4, UR4, 0x1, URZ                          1      0      1      2048   65536  65536  32     32     0      0      -             0      0      0      0      0      0      0      0      0      0      0      0      0      0      1      0      0      0      0      0      0      0      0      0      0      0      0      0      0      0      0      0      0      0      0      0      0     
0x7f3ce37a28a0           ULDC.64 UR12, c[0x0][0x198]                            3      3      3      2048   65536  65536  32     32     0      0      -             0      0      0      0      0      3      0      0      0      0      0      0      0      0      0      0      0      0      0      0      0      0      0      3      0      0      0      0      0      0      0      0      0      0      0      0      0     
0x7f3ce37a28b0           UIADD3 UR12, UP0, UR12, 0x30, URZ                      1      0      1      2048   65536  65536  32     32     0      0      -             0      0      0      0      0      0      0      0      0      0      0      0      0      0      1      0      0      0      0      0      0      0      0      0      0      0      0      0      0      0      0      0      0      0      0      0      0     
0x7f3ce37a28c0           S2UR UR7, SR_CTAID.Y                                   1      0      1      2048   65536  65536  32     32     0      0      -             0      0      0      0      0      0      0      0      0      0      0      0      0      0      1      0      0      0      0      0      0      0      0      0      0      0      0      0      0      0      0      0      0      0      0      0      0     
0x7f3ce37a28d0           UIADD3.X UR13, URZ, UR13, URZ, UP0, !UPT               2      1      2      2048   65536  65536  32     32     0      0      -             0      0      0      0      0      0      0      0      0      0      0      0      0      0      1      0      0      0      1      0      0      0      0      0      0      0      0      0      0      0      0      0      0      0      0      0      1     
0x7f3ce37a28e0           USHF.L.U32 UR11, UR6, 0x7, URZ                         2      2      2      2048   65536  65536  32     32     0      0      -             0      0      0      0      0      0      0      0      0      0      0      0      0      0      0      2      0      0      0      0      0      0      0      0      0      0      0      0      0      0      0      0      0      2      0      0      0     
0x7f3ce37a28f0           LEA R0, R3, R0, 0x18                                   1      0      1      2048   65536  65536  32     32     0      0      -             0      0      0      0      0      0      0      0      0      0      0      0      0      0      1      0      0      0      0      0      0      0      0      0      0      0      0      0      0      0      0      0      0      0      0      0      0     
0x7f3ce37a2900           USHF.L.U32 UR10, UR7, 0x7, URZ                         6      6      6      2048   65536  65536  32     32     0      0      -             0      0      0      0      0      0      0      0      0      0      0      0      0      0      0      6      0      0      0      0      0      0      0      0      0      0      0      0      0      0      0      0      0      6      0      0      0     
0x7f3ce37a2910           R2UR UR9, R0                                           1      1      1      2048   65536  65536  32     32     0      0      -             0      0      0      0      0      0      0      0      0      0      0      0      0      0      0      0      0      0      1      0      0      0      0      0      0      0      0      0      0      0      0      0      0      0      0      0      1     
0x7f3ce37a2920     @P0   IMAD.MOV.U32 R0, RZ, RZ, 0x10000                       0      0      0      2048   65536  2048   32     1      31     0      -             0      0      0      0      0      0      0      0      0      0      0      0      0      0      0      0      0      0      0      0      0      0      0      0      0      0      0      0      0      0      0      0      0      0      0      0      0     
0x7f3ce37a2930           SYNCS.EXCH.64 URZ, [UR9], UR4                          3      3      3      2048   65536  65536  32     32     0      0      -             0      0      0      0      0      0      0      0      0      0      0      0      0      0      0      0      0      0      3      0      0      0      0      0      0      0      0      0      0      0      0      0      0      0      0      0      3     
0x7f3ce37a2940           UIADD3 UR6, UR9, 0x400, URZ                            0      0      0      2048   65536  65536  32     32     0      0      -             0      0      0      0      0      0      0      0      0      0      0      0      0      0      0      0      0      0      0      0      0      0      0      0      0      0      0      0      0      0      0      0      0      0      0      0      0     
0x7f3ce37a2950           UMOV UR8, UR6                                          2      2      2      2048   65536  65536  32     32     0      0      -             0      0      0      0      0      0      0      0      0      0      0      0      0      0      0      0      0      0      2      0      0      0      0      0      0      0      0      0      0      0      0      0      0      0      0      0      2     
0x7f3ce37a2960     @P0   SYNCS.ARRIVE.TRANS64.RED.A0TR RZ, [UR9], R0            12     12     12     2048   65536  2048   32     1      31     0      -             0      0      0      0      0      0      0      12     0      0      0      0      0      0      0      0      0      0      0      0      0      0      0      0      0      12     0      0      0      0      0      0      0      0      0      0      0     
0x7f3ce37a2970           NOP                                                    1      0      1      2048   65536  65536  32     32     0      0      -             0      0      0      0      0      0      0      0      0      0      0      0      0      0      1      0      0      0      0      0      0      0      0      0      0      0      0      0      0      0      0      0      0      0      0      0      0     
0x7f3ce37a2980           BAR.SYNC.DEFER_BLOCKING 0x0                            0      0      0      2048   65536  65536  32     32     0      0      -             0      0      0      0      0      0      0      0      0      0      0      0      0      0      0      0      0      0      0      0      0      0      0      0      0      0      0      0      0      0      0      0      0      0      0      0      0     
0x7f3ce37a2990     @P1   IMAD.MOV.U32 R0, RZ, RZ, 0x1                           3      3      3      2048   65536  2048   32     1      31     0      -             0      0      0      0      0      0      0      3      0      0      0      0      0      0      0      0      0      0      0      0      0      0      0      0      0      3      0      0      0      0      0      0      0      0      0      0      0     
0x7f3ce37a29a0           UTMALDG.2D desc[URZ], [UR8], [UR12]                    3      3      3      2048   65536  65536  32     32     0      0      Global,Shared 0      3      0      0      0      0      0      0      0      0      0      0      0      0      0      0      0      0      0      3      0      0      0      0      0      0      0      0      0      0      0      0      0      0      0      0      0     
0x7f3ce37a29b0     @P1   SYNCS.ARRIVE.TRANS64.ART0 RZ, [UR9], R0                0      0      0      2048   65536  2048   32     1      31     0      -             0      0      0      0      0      0      0      0      0      0      0      0      0      0      0      0      0      0      0      0      0      0      0      0      0      0      0      0      0      0      0      0      0      0      0      0      0     
0x7f3ce37a29c0           NOP                                                    0      0      0      2048   65536  65536  32     32     0      0      -             0      0      0      0      0      0      0      0      0      0      0      0      0      0      0      0      0      0      0      0      0      0      0      0      0      0      0      0      0      0      0      0      0      0      0      0      0     
0x7f3ce37a29d0           IMAD.U32 R0, RZ, RZ, UR9                               3      2      3      2058   65856  65856  32     32     0      0      -             0      0      0      0      0      0      0      1      0      0      0      0      1      0      1      0      0      0      0      0      0      0      0      0      0      1      0      0      0      0      1      0      0      0      0      0      0     
0x7f3ce37a29e0           SYNCS.PHASECHK.TRANS64.TRYWAIT P0, [R0+URZ], RZ        4      3      4      2058   65856  65856  32     32     0      0      -             0      0      0      0      0      0      0      0      0      0      0      0      0      0      1      0      0      0      3      0      0      0      0      0      0      0      0      0      0      0      0      0      0      0      0      0      3     
0x7f3ce37a29f0     @!P0  NANOSLEEP.SYNCS 0x989680                               2930   2930   2930   2058   65856  512    32     0      32     0      -             0      0      0      0      0      0      0      2930   0      0      0      0      0      0      0      0      0      0      0      0      0      0      0      0      0      2930   0      0      0      0      0      0      0      0      0      0      0     
0x7f3ce37a2a00     @!P0  SYNCS.PHASECHK.TRANS64 P0, [R0+URZ], RZ                12     12     12     2058   65856  512    32     0      32     0      -             0      0      10     0      0      0      0      0      0      0      0      0      0      0      0      0      0      0      2      0      10     0      0      0      0      0      0      0      0      0      0      0      0      0      0      0      2     
0x7f3ce37a2a10     @!P0  BRA 0x7f3ce37a29d0                                     19     19     19     2058   65856  320    32     0      32     0      -             0      0      0      0      0      0      0      19     0      0      0      0      0      0      0      0      0      0      0      0      0      0      0      0      0      19     0      0      0      0      0      0      0      0      0      0      0     
0x7f3ce37a2a20           ULDC.64 UR6, c[0x0][0x198]                             3      1      3      2048   65536  65536  32     32     0      0      -             0      0      0      0      0      0      0      0      0      0      0      0      0      0      2      0      0      0      1      0      0      0      0      0      0      0      0      0      0      0      0      0      0      0      0      0      1     
0x7f3ce37a2a30           UIADD3 UR4, UR9, 0x400, URZ                            0      0      0      2048   65536  65536  32     32     0      0      -             0      0      0      0      0      0      0      0      0      0      0      0      0      0      0      0      0      0      0      0      0      0      0      0      0      0      0      0      0      0      0      0      0      0      0      0      0     
0x7f3ce37a2a40           UIADD3 UR6, UP0, UR6, 0xb0, URZ                        1      1      1      2048   65536  65536  32     32     0      0      -             0      0      0      0      0      0      0      0      0      0      0      0      0      0      0      0      0      0      1      0      0      0      0      0      0      0      0      0      0      0      0      0      0      0      0      0      1     
0x7f3ce37a2a50           UMOV UR9, UR10                                         0      0      0      2048   65536  65536  32     32     0      0      -             0      0      0      0      0      0      0      0      0      0      0      0      0      0      0      0      0      0      0      0      0      0      0      0      0      0      0      0      0      0      0      0      0      0      0      0      0     
0x7f3ce37a2a60           UMOV UR10, UR11                                        0      0      0      2048   65536  65536  32     32     0      0      -             0      0      0      0      0      0      0      0      0      0      0      0      0      0      0      0      0      0      0      0      0      0      0      0      0      0      0      0      0      0      0      0      0      0      0      0      0     
0x7f3ce37a2a70           UIADD3.X UR7, URZ, UR7, URZ, UP0, !UPT                 0      0      0      2048   65536  65536  32     32     0      0      -             0      0      0      0      0      0      0      0      0      0      0      0      0      0      0      0      0      0      0      0      0      0      0      0      0      0      0      0      0      0      0      0      0      0      0      0      0     
0x7f3ce37a2a80           UMOV UR8, UR4                                          1      0      1      2048   65536  65536  32     32     0      0      -             0      0      0      0      0      0      0      0      0      0      0      0      0      0      1      0      0      0      0      0      0      0      0      0      0      0      0      0      0      0      0      0      0      0      0      0      0     
0x7f3ce37a2a90           UTMASTG.2D desc[URZ], [UR8], [UR6]                     1      0      1      2048   65536  65536  32     32     0      0      Global,Shared 0      0      0      0      0      0      0      0      0      0      0      0      0      0      1      0      0      0      0      0      0      0      0      0      0      0      0      0      0      0      0      0      0      0      0      0      0     
0x7f3ce37a2aa0           UTMACMDFLUSH                                           0      0      0      2048   65536  65536  32     32     0      0      -             0      0      0      0      0      0      0      0      0      0      0      0      0      0      0      0      0      0      0      0      0      0      0      0      0      0      0      0      0      0      0      0      0      0      0      0      0     
0x7f3ce37a2ab0           DEPBAR.LE SB0, 0x0                                     0      0      0      2048   65536  65536  32     32     0      0      -             0      0      0      0      0      0      0      0      0      0      0      0      0      0      0      0      0      0      0      0      0      0      0      0      0      0      0      0      0      0      0      0      0      0      0      0      0     
0x7f3ce37a2ac0           CCTL.IVALL                                             1342   1342   1342   2048   65536  65536  32     32     0      0      -             0      0      0      0      0      0      0      1340   0      0      0      0      0      0      0      0      0      0      2      0      0      0      0      0      0      1340   0      0      0      0      0      0      0      0      0      0      2     
0x7f3ce37a2ad0           EXIT                                                   0      0      0      2048   65536  65536  32     32     0      0      -             0      0      0      0      0      0      0      0      0      0      0      0      0      0      0      0      0      0      0      0      0      0      0      0      0      0      0      0      0      0      0      0      0      0      0      0      0     
0x7f3ce37a2ae0           BRA 0x7f3ce37a2ae0                                     9      9      9      0      0      0      0      0      0      0      -             0      0      3      0      6      0      0      0      0      0      0      0      0      0      0      0      0      0      0      0      3      0      6      0      0      0      0      0      0      0      0      0      0      0      0      0      0     
0x7f3ce37a2af0           NOP                                                    0      0      0      0      0      0      0      0      0      0      -             0      0      0      0      0      0      0      0      0      0      0      0      0      0      0      0      0      0      0      0      0      0      0      0      0      0      0      0      0      0      0      0      0      0      0      0      0     
0x7f3ce37a2b00           NOP                                                    0      0      0      0      0      0      0      0      0      0      -             0      0      0      0      0      0      0      0      0      0      0      0      0      0      0      0      0      0      0      0      0      0      0      0      0      0      0      0      0      0      0      0      0      0      0      0      0     
0x7f3ce37a2b10           NOP                                                    0      0      0      0      0      0      0      0      0      0      -             0      0      0      0      0      0      0      0      0      0      0      0      0      0      0      0      0      0      0      0      0      0      0      0      0      0      0      0      0      0      0      0      0      0      0      0      0     
0x7f3ce37a2b20           NOP                                                    0      0      0      0      0      0      0      0      0      0      -             0      0      0      0      0      0      0      0      0      0      0      0      0      0      0      0      0      0      0      0      0      0      0      0      0      0      0      0      0      0      0      0      0      0      0      0      0     
0x7f3ce37a2b30           NOP                                                    0      0      0      0      0      0      0      0      0      0      -             0      0      0      0      0      0      0      0      0      0      0      0      0      0      0      0      0      0      0      0      0      0      0      0      0      0      0      0      0      0      0      0      0      0      0      0      0     
0x7f3ce37a2b40           NOP                                                    0      0      0      0      0      0      0      0      0      0      -             0      0      0      0      0      0      0      0      0      0      0      0      0      0      0      0      0      0      0      0      0      0      0      0      0      0      0      0      0      0      0      0      0      0      0      0      0     
0x7f3ce37a2b50           NOP                                                    0      0      0      0      0      0      0      0      0      0      -             0      0      0      0      0      0      0      0      0      0      0      0      0      0      0      0      0      0      0      0      0      0      0      0      0      0      0      0      0      0      0      0      0      0      0      0      0     
0x7f3ce37a2b60           NOP                                                    0      0      0      0      0      0      0      0      0      0      -             0      0      0      0      0      0      0      0      0      0      0      0      0      0      0      0      0      0      0      0      0      0      0      0      0      0      0      0      0      0      0      0      0      0      0      0      0     
0x7f3ce37a2b70           NOP                                                    0      0      0      0      0      0      0      0      0      0      -             0      0      0      0      0      0      0      0      0      0      0      0      0      0      0      0      0      0      0      0      0      0      0      0      0      0      0      0      0      0      0      0      0      0      0      0      0     
