------------------ ------------------------------------------------------------ ------ ------ ------ ------ ------ ------ ------ ------ ------ ------ ------------- ------ ------ ------ ------ ------ ------ ------ ------ ------ ------ ------ ------ ------ ------ ------ ------ ------ ------ ------ ------ ------ ------ ------ ------ ------ ------ ------ ------ ------ ------ ------ ------ ------ ------ ------
Kernel Name        kernel_cutlass_kernel___main__Sm100SimpleCopyKernel_object_a                                                                                                                                                                                                                                                                                                                                         
                   t__Copy_Atom_ThrID_10_TV_Layout_Src_11638401_TV_Layout_Dst_1                                                                                                                                                                                                                                                                                                                                         
                   1638401_Value_type_f32_tensor00_o_409681921110_Copy_Atom_Thr                                                                                                                                                                                                                                                                                                                                         
                   ID_10_T_0                                                                                                                                                                                                                                                                                                                                                                                            
------------------ ------------------------------------------------------------ ------ ------ ------ ------ ------ ------ ------ ------ ------ ------ ------------- ------ ------ ------ ------ ------ ------ ------ ------ ------ ------ ------ ------ ------ ------ ------ ------ ------ ------ ------ ------ ------ ------ ------ ------ ------ ------ ------ ------ ------ ------ ------ ------ ------ ------ ------
Address            Source                                                       Warp S Warp S # Samp Instru Thread Predic Avg. T Avg. P Avg. P Diverg Addres        L1 Con stall_ stall_ stall_ stall_ stall_ stall_ stall_ stall_ stall_ stall_ stall_ stall_ stall_ stall_ stall_ stall_ stall_ stall_ stall_ stall_ stall_ stall_ stall_ stall_ stall_ stall_ stall_ stall_ stall_ stall_ stall_ stall_ stall_ stall_
                                                                                tall S tall S les    ctions  Instr ated-O hreads redica redica ent Br s Spac        flicts barrie branch dispat drain  lg     long_s math   membar mio    misc   no_ins not_se select short_ sleep  tex    wait   barrie branch dispat drain  lg (No long_s math ( membar mio (N misc ( no_ins not_se select short_ sleepi tex (N wait (
                                                                                amplin amplin         Execu uction n Thre  Execu ted-On ted-On anches e              Share r      _resol ch                   b                                  t      lected ed     sb                          r (Not _resol ch (No (Not I t Issu b (Not Not Is  (Not  ot Iss Not Is t (Not lected ed (No sb (No ng (No ot Iss Not Is
                                                                                g (All g (Not        ted    s Exec ad Ins ted     Threa  Threa                      d N-Wa        ving                                                                                                             Issue ving ( t Issu ssued) ed)     Issue sued)  Issued ued)   sued)   Issue  (Not  t Issu t Issu t Issu ued)   sued) 
                                                                                 Sampl -issue               uted   tructi        ds Exe ds Une                      y                                                                                                                             d)     Not Is ed)                  d)            )                    d)     Issued ed)    ed)    ed)                 
                                                                                es)    d Samp                      ons Ex        cuted  xecute                                                                                                                                                           sued)                                                                 )                                        
                                                                                       les)                        ecuted               d                                                                                                                                                                                                                                                                               
0x7f17d35ac100           LDC R1, c[0x0][0x37c]                                  18     18     18     2048   65536  65536  32     32     0      0      -             0      0      0      0      0      0      0      0      0      0      0      18     0      0      0      0      0      0      0      0      0      0      0      0      0      0      0      0      18     0      0      0      0      0      0     
0x7f17d35ac110           S2R R3, SR_CgaCtaId                                    0      0      0      2048   65536  65536  32     32     0      0      -             0      0      0      0      0      0      0      0      0      0      0      0      0      0      0      0      0      0      0      0      0      0      0      0      0      0      0      0      0      0      0      0      0      0      0     
0x7f17d35ac120           MOV R0, 0x400                                          0      0      0      2048   65536  65536  32     32     0      0      -             0      0      0      0      0      0      0      0      0      0      0      0      0      0      0      0      0      0      0      0      0      0      0      0      0      0      0      0      0      0      0      0      0      0      0     
0x7f17d35ac130           ELECT P0, URZ, PT                                      0      0      0      2048   65536  65536  32     32     0      0      -             0      0      0      0      0      0      0      0      0      0      0      0      0      0      0      0      0      0      0      0      0      0      0      0      0      0      0      0      0      0      0      0      0      0      0     
0x7f17d35ac140           S2UR UR6, SR_CTAID.X                                   0      0      0      2048   65536  65536  32     32     0      0      -             0      0      0      0      0      0      0      0      0      0      0      0      0      0      0      0      0      0      0      0      0      0      0      0      0      0      0      0      0      0      0      0      0      0      0     
0x7f17d35ac150           UMOV UR4, 0x1                                          0      0      0      2048   65536  65536  32     32     0      0      -             0      0      0      0      0      0      0      0      0      0      0      0      0      0      0      0      0      0      0      0      0      0      0      0      0      0      0      0      0      0      0      0      0      0      0     
0x7f17d35ac160           LDCU.64 UR12, c[0x0][0x348]                            0      0      0      2048   65536  65536  32     32     0      0      -             0      0      0      0      0      0      0      0      0      0      0      0      0      0      0      0      0      0      0      0      0      0      0      0      0      0      0      0      0      0      0      0      0      0      0     
0x7f17d35ac170           UIADD3 UR4, UPT, UPT, -UR4, 0x100000, URZ              0      0      0      2048   65536  65536  32     32     0      0      -             0      0      0      0      0      0      0      0      0      0      0      0      0      0      0      0      0      0      0      0      0      0      0      0      0      0      0      0      0      0      0      0      0      0      0     
0x7f17d35ac180           USHF.L.U32 UR5, UR4, 0xb, URZ                          0      0      0      2048   65536  65536  32     32     0      0      -             0      0      0      0      0      0      0      0      0      0      0      0      0      0      0      0      0      0      0      0      0      0      0      0      0      0      0      0      0      0      0      0      0      0      0     
0x7f17d35ac190           USHF.L.U32 UR4, UR4, 0x1, URZ                          1      1      1      2048   65536  65536  32     32     0      0      -             0      0      0      0      0      0      0      0      0      0      0      0      0      0      0      0      0      1      0      0      0      0      0      0      0      0      0      0      0      0      0      0      0      0      1     
0x7f17d35ac1a0           S2UR UR7, SR_CTAID.Y                                   0      0      0      2048   65536  65536  32     32     0      0      -             0      0      0      0      0      0      0      0      0      0      0      0      0      0      0      0      0      0      0      0      0      0      0      0      0      0      0      0      0      0      0      0      0      0      0     
0x7f17d35ac1b0           ELECT P1, URZ, PT                                      0      0      0      2048   65536  65536  32     32     0      0      -             0      0      0      0      0      0      0      0      0      0      0      0      0      0      0      0      0      0      0      0      0      0      0      0      0      0      0      0      0      0      0      0      0      0      0     
0x7f17d35ac1c0           USHF.L.U32 UR11, UR6, 0x7, URZ                         0      0      0      2048   65536  65536  32     32     0      0      -             0      0      0      0      0      0      0      0      0      0      0      0      0      0      0      0      0      0      0      0      0      0      0      0      0      0      0      0      0      0      0      0      0      0      0     
0x7f17d35ac1d0           LEA R0, R3, R0, 0x18                                   0      0      0      2048   65536  65536  32     32     0      0      -             0      0      0      0      0      0      0      0      0      0      0      0      0      0      0      0      0      0      0      0      0      0      0      0      0      0      0      0      0      0      0      0      0      0      0     
0x7f17d35ac1e0           USHF.L.U32 UR10, UR7, 0x7, URZ                         0      0      0      2048   65536  65536  32     32     0      0      -             0      0      0      0      0      0      0      0      0      0      0      0      0      0      0      0      0      0      0      0      0      0      0      0      0      0      0      0      0      0      0      0      0      0      0     
0x7f17d35ac1f0           R2UR UR9, R0                                           0      0      0      2048   65536  65536  32     32     0      0      -             0      0      0      0      0      0      0      0      0      0      0      0      0      0      0      0      0      0      0      0      0      0      0      0      0      0      0      0      0      0      0      0      0      0      0     
0x7f17d35ac200     @P0   IMAD.MOV.U32 R0, RZ, RZ, 0x10000                       0      0      0      2048   65536  2048   32     1      31     0      -             0      0      0      0      0      0      0      0      0      0      0      0      0      0      0      0      0      0      0      0      0      0      0      0      0      0      0      0      0      0      0      0      0      0      0     
0x7f17d35ac210           SYNCS.EXCH.64 URZ, [UR9], UR4                          1      1      1      2048   65536  65536  32     32     0      0      -             0      0      0      0      0      0      0      0      0      0      0      0      0      0      0      0      0      1      0      0      0      0      0      0      0      0      0      0      0      0      0      0      0      0      1     
0x7f17d35ac220           UIADD3 UR6, UPT, UPT, UR9, 0x400, URZ                  0      0      0      2048   65536  65536  32     32     0      0      -             0      0      0      0      0      0      0      0      0      0      0      0      0      0      0      0      0      0      0      0      0      0      0      0      0      0      0      0      0      0      0      0      0      0      0     
0x7f17d35ac230           UMOV UR8, UR6                                          0      0      0      2048   65536  65536  32     32     0      0      -             0      0      0      0      0      0      0      0      0      0      0      0      0      0      0      0      0      0      0      0      0      0      0      0      0      0      0      0      0      0      0      0      0      0      0     
0x7f17d35ac240     @P0   SYNCS.ARRIVE.TRANS64.RED.A0TR RZ, [UR9], R0            0      0      0      2048   65536  2048   32     1      31     0      -             0      0      0      0      0      0      0      0      0      0      0      0      0      0      0      0      0      0      0      0      0      0      0      0      0      0      0      0      0      0      0      0      0      0      0     
0x7f17d35ac250           NOP                                                    0      0      0      2048   65536  65536  32     32     0      0      -             0      0      0      0      0      0      0      0      0      0      0      0      0      0      0      0      0      0      0      0      0      0      0      0      0      0      0      0      0      0      0      0      0      0      0     
0x7f17d35ac260           BAR.SYNC.DEFER_BLOCKING 0x0                            0      0      0      2048   65536  65536  32     32     0      0      -             0      0      0      0      0      0      0      0      0      0      0      0      0      0      0      0      0      0      0      0      0      0      0      0      0      0      0      0      0      0      0      0      0      0      0     
0x7f17d35ac270           SHF.L.U32 R0, RZ, 0x1f, RZ                             0      0      0      2048   65536  65536  32     32     0      0      -             0      0      0      0      0      0      0      0      0      0      0      0      0      0      0      0      0      0      0      0      0      0      0      0      0      0      0      0      0      0      0      0      0      0      0     
0x7f17d35ac280           UTMALDG.2D desc[URZ], [UR8], [UR12]                    0      0      0      2048   65536  65536  32     32     0      0      Global,Shared 0      0      0      0      0      0      0      0      0      0      0      0      0      0      0      0      0      0      0      0      0      0      0      0      0      0      0      0      0      0      0      0      0      0      0     
0x7f17d35ac290     @P1   SYNCS.ARRIVE.TRANS64.A1T0 RZ, [UR9], RZ                0      0      0      2048   65536  2048   32     1      31     0      -             0      0      0      0      0      0      0      0      0      0      0      0      0      0      0      0      0      0      0      0      0      0      0      0      0      0      0      0      0      0      0      0      0      0      0     
0x7f17d35ac2a0           IMAD.U32 R3, RZ, RZ, UR9                               0      0      0      2048   65536  65536  32     32     0      0      -             0      0      0      0      0      0      0      0      0      0      0      0      0      0      0      0      0      0      0      0      0      0      0      0      0      0      0      0      0      0      0      0      0      0      0     
0x7f17d35ac2b0           SYNCS.PHASECHK.TRANS64.TRYWAIT P0, [R3+URZ], R0        0      0      0      2048   65536  65536  32     32     0      0      -             0      0      0      0      0      0      0      0      0      0      0      0      0      0      0      0      0      0      0      0      0      0      0      0      0      0      0      0      0      0      0      0      0      0      0     
0x7f17d35ac2c0     @!P0  NANOSLEEP.SYNCS 0x989680                               414    414    414    2048   65536  0      32     0      32     0      -             0      0      0      0      0      0      414    0      0      0      0      0      0      0      0      0      0      0      0      0      0      0      0      414    0      0      0      0      0      0      0      0      0      0      0     
0x7f17d35ac2d0     @!P0  SYNCS.PHASECHK.TRANS64 P0, [R3+URZ], R0                1      1      1      2048   65536  0      32     0      32     0      -             0      0      0      0      0      0      0      0      0      0      0      0      0      0      0      0      0      1      0      0      0      0      0      0      0      0      0      0      0      0      0      0      0      0      1     
0x7f17d35ac2e0     @!P0  BRA 0x7f17d35ac2a0                                     7      7      7      2048   65536  0      32     0      32     0      -             0      0      0      0      0      0      6      0      0      0      0      0      0      0      0      0      0      1      0      0      0      0      0      6      0      0      0      0      0      0      0      0      0      0      1     
0x7f17d35ac2f0           LDCU.64 UR6, c[0x0][0x348]                             1      1      1      2048   65536  65536  32     32     0      0      -             0      0      0      0      0      0      0      0      0      0      0      0      0      0      0      0      0      1      0      0      0      0      0      0      0      0      0      0      0      0      0      0      0      0      1     
0x7f17d35ac300           UIADD3 UR4, UPT, UPT, UR9, 0x400, URZ                  0      0      0      2048   65536  65536  32     32     0      0      -             0      0      0      0      0      0      0      0      0      0      0      0      0      0      0      0      0      0      0      0      0      0      0      0      0      0      0      0      0      0      0      0      0      0      0     
0x7f17d35ac310           UMOV UR5, UR10                                         0      0      0      2048   65536  65536  32     32     0      0      -             0      0      0      0      0      0      0      0      0      0      0      0      0      0      0      0      0      0      0      0      0      0      0      0      0      0      0      0      0      0      0      0      0      0      0     
0x7f17d35ac320           UMOV UR8, UR4                                          2      2      2      2048   65536  65536  32     32     0      0      -             0      0      0      0      0      0      0      0      0      0      0      0      0      0      0      0      0      2      0      0      0      0      0      0      0      0      0      0      0      0      0      0      0      0      2     
0x7f17d35ac330           UMOV UR4, UR8                                          2      0      2      2048   65536  65536  32     32     0      0      -             0      0      0      0      0      0      0      0      0      0      0      0      0      2      0      0      0      0      0      0      0      0      0      0      0      0      0      0      0      0      0      0      0      0      0     
0x7f17d35ac340           UIADD3 UR12, UP0, UPT, UR6, 0x80, URZ                  0      0      0      2048   65536  65536  32     32     0      0      -             0      0      0      0      0      0      0      0      0      0      0      0      0      0      0      0      0      0      0      0      0      0      0      0      0      0      0      0      0      0      0      0      0      0      0     
0x7f17d35ac350           UMOV UR6, UR11                                         0      0      0      2048   65536  65536  32     32     0      0      -             0      0      0      0      0      0      0      0      0      0      0      0      0      0      0      0      0      0      0      0      0      0      0      0      0      0      0      0      0      0      0      0      0      0      0     
0x7f17d35ac360           UIADD3.X UR13, UPT, UPT, URZ, UR7, URZ, UP0, !UPT      0      0      0      2048   65536  65536  32     32     0      0      -             0      0      0      0      0      0      0      0      0      0      0      0      0      0      0      0      0      0      0      0      0      0      0      0      0      0      0      0      0      0      0      0      0      0      0     
0x7f17d35ac370           UTMASTG.2D desc[URZ], [UR4], [UR12]                    0      0      0      2048   65536  65536  32     32     0      0      Global,Shared 0      0      0      0      0      0      0      0      0      0      0      0      0      0      0      0      0      0      0      0      0      0      0      0      0      0      0      0      0      0      0      0      0      0      0     
0x7f17d35ac380           UTMACMDFLUSH                                           0      0      0      2048   65536  65536  32     32     0      0      -             0      0      0      0      0      0      0      0      0      0      0      0      0      0      0      0      0      0      0      0      0      0      0      0      0      0      0      0      0      0      0      0      0      0      0     
0x7f17d35ac390           DEPBAR.LE SB0, 0x0                                     0      0      0      2048   65536  65536  32     32     0      0      -             0      0      0      0      0      0      0      0      0      0      0      0      0      0      0      0      0      0      0      0      0      0      0      0      0      0      0      0      0      0      0      0      0      0      0     
0x7f17d35ac3a0           CCTL.IVALL                                             1031   1031   1031   2048   65536  65536  32     32     0      0      -             0      0      0      0      0      0      1028   0      0      0      0      0      0      0      0      0      0      3      0      0      0      0      0      1028   0      0      0      0      0      0      0      0      0      0      3     
0x7f17d35ac3b0           EXIT                                                   1      0      1      2048   65536  65536  32     32     0      0      -             0      0      0      0      0      0      0      0      0      0      0      0      0      1      0      0      0      0      0      0      0      0      0      0      0      0      0      0      0      0      0      0      0      0      0     
0x7f17d35ac3c0           BRA 0x7f17d35ac3c0                                     13     11     13     0      0      0      0      0      0      0      -             0      0      5      0      3      0      0      0      0      0      0      0      0      2      0      0      0      3      0      5      0      3      0      0      0      0      0      0      0      0      0      0      0      0      3     
0x7f17d35ac3d0           NOP                                                    0      0      0      0      0      0      0      0      32     0      -             0      0      0      0      0      0      0      0      0      0      0      0      0      0      0      0      0      0      0      0      0      0      0      0      0      0      0      0      0      0      0      0      0      0      0     
0x7f17d35ac3e0           NOP                                                    0      0      0      0      0      0      0      0      32     0      -             0      0      0      0      0      0      0      0      0      0      0      0      0      0      0      0      0      0      0      0      0      0      0      0      0      0      0      0      0      0      0      0      0      0      0     
0x7f17d35ac3f0           NOP                                                    0      0      0      0      0      0      0      0      32     0      -             0      0      0      0      0      0      0      0      0      0      0      0      0      0      0      0      0      0      0      0      0      0      0      0      0      0      0      0      0      0      0      0      0      0      0     
0x7f17d35ac400           NOP                                                    0      0      0      0      0      0      0      0      32     0      -             0      0      0      0      0      0      0      0      0      0      0      0      0      0      0      0      0      0      0      0      0      0      0      0      0      0      0      0      0      0      0      0      0      0      0     
0x7f17d35ac410           NOP                                                    0      0      0      0      0      0      0      0      32     0      -             0      0      0      0      0      0      0      0      0      0      0      0      0      0      0      0      0      0      0      0      0      0      0      0      0      0      0      0      0      0      0      0      0      0      0     
0x7f17d35ac420           NOP                                                    0      0      0      0      0      0      0      0      32     0      -             0      0      0      0      0      0      0      0      0      0      0      0      0      0      0      0      0      0      0      0      0      0      0      0      0      0      0      0      0      0      0      0      0      0      0     
0x7f17d35ac430           NOP                                                    0      0      0      0      0      0      0      0      32     0      -             0      0      0      0      0      0      0      0      0      0      0      0      0      0      0      0      0      0      0      0      0      0      0      0      0      0      0      0      0      0      0      0      0      0      0     
0x7f17d35ac440           NOP                                                    0      0      0      0      0      0      0      0      32     0      -             0      0      0      0      0      0      0      0      0      0      0      0      0      0      0      0      0      0      0      0      0      0      0      0      0      0      0      0      0      0      0      0      0      0      0     
0x7f17d35ac450           NOP                                                    0      0      0      0      0      0      0      0      32     0      -             0      0      0      0      0      0      0      0      0      0      0      0      0      0      0      0      0      0      0      0      0      0      0      0      0      0      0      0      0      0      0      0      0      0      0     
0x7f17d35ac460           NOP                                                    0      0      0      0      0      0      0      0      32     0      -             0      0      0      0      0      0      0      0      0      0      0      0      0      0      0      0      0      0      0      0      0      0      0      0      0      0      0      0      0      0      0      0      0      0      0     
0x7f17d35ac470           NOP                                                    0      0      0      0      0      0      0      0      32     0      -             0      0      0      0      0      0      0      0      0      0      0      0      0      0      0      0      0      0      0      0      0      0      0      0      0      0      0      0      0      0      0      0      0      0      0     
