------------------ ------------------------------------------------------------ ------ ------ ------ ------ ------ ------ ------ ------ ------ ------ ------ ------ ------ ------ ------ ------ ------ ------ ------ ------ ------ ------ ------ ------ ------ ------ ------ ------ ------ ------ ------ ------ ------ ------ ------ ------ ------ ------ ------ ------ ------ ------ ------ ------ ------ ------ ------ ------ ------ ------ ------ ------ ------ ------ ------ ------ ------ ------ ------ ------ ------
Kernel Name        vector_add_Kt1_A1f32_1i16t1_p16_A1f32_1i16t1_p16_A1f32_1i16t                                                                                                                                                                                                                                                                                                                                                                                                                                           
                   1_p16_I512                                                                                                                                                                                                                                                                                                                                                                                                                                                                                             
------------------ ------------------------------------------------------------ ------ ------ ------ ------ ------ ------ ------ ------ ------ ------ ------ ------ ------ ------ ------ ------ ------ ------ ------ ------ ------ ------ ------ ------ ------ ------ ------ ------ ------ ------ ------ ------ ------ ------ ------ ------ ------ ------ ------ ------ ------ ------ ------ ------ ------ ------ ------ ------ ------ ------ ------ ------ ------ ------ ------ ------ ------ ------ ------ ------ ------
Address            Source                                                       Warp S Warp S # Samp Instru Thread Predic Avg. T Avg. P Avg. P Diverg Addres Access Access L1 Tag L1 Con L2 The L2 The L2 The L2 Exp L2 Exp L2 Exp L2 Exp L2 Exp L2 Exp L2 Exp stall_ stall_ stall_ stall_ stall_ stall_ stall_ stall_ stall_ stall_ stall_ stall_ stall_ stall_ stall_ stall_ stall_ stall_ stall_ stall_ stall_ stall_ stall_ stall_ stall_ stall_ stall_ stall_ stall_ stall_ stall_ stall_ stall_ stall_ stall_ stall_
                                                                                tall S tall S les    ctions  Instr ated-O hreads redica redica ent Br s Spac  Opera  Size   Reque flicts oretic oretic oretic licit  licit  licit  licit  licit  licit  licit  barrie branch dispat drain  imc    lg     long_s math   membar mio    misc   no_ins not_se select short_ sleep  tex    wait   barrie branch dispat drain  imc (N lg (No long_s math ( membar mio (N misc ( no_ins not_se select short_ sleepi tex (N wait (
                                                                                amplin amplin         Execu uction n Thre  Execu ted-On ted-On anches e      tion          sts Gl  Share al Sec al Sec al Sec Evict  Hit Po Hit Po Hit Po Hit Po Miss P Miss P r      _resol ch                          b                                  t      lected ed     sb                          r (Not _resol ch (No (Not I ot Iss t Issu b (Not Not Is  (Not  ot Iss Not Is t (Not lected ed (No sb (No ng (No ot Iss Not Is
                                                                                g (All g (Not        ted    s Exec ad Ins ted     Threa  Threa                             obal   d N-Wa tors G tors G tors G Polici licy E licy E licy E licy E olicy  olicy         ving                                                                                                                    Issue ving ( t Issu ssued) ued)   ed)     Issue sued)  Issued ued)   sued)   Issue  (Not  t Issu t Issu t Issu ued)   sued) 
                                                                                 Sampl -issue               uted   tructi        ds Exe ds Une                                    y      lobal  lobal  lobal  es     vict F vict L vict N vict N Evict  Evict                                                                                                                                d)     Not Is ed)                         d)            )                    d)     Issued ed)    ed)    ed)                 
                                                                                es)    d Samp                      ons Ex        cuted  xecute                                           Excess        Ideal         irst   ast    ormal  ormal  First  Normal                                                                                                                                      sued)                                                                        )                                        
                                                                                       les)                        ecuted               d                                                ive                                              Demote                                                                                                                                                                                                                                                                          
0x7fac377a3700           LDC R1, c[0x0][0x28]                                   0      0      0      64     2048   2048   32     32     0      0      -      -      -      0      0      0      0      0      -      0      0      0      0      0      0      0      0      0      0      0      0      0      0      0      0      0      0      0      0      0      0      0      0      0      0      0      0      0      0      0      0      0      0      0      0      0      0      0      0      0      0     
0x7fac377a3710           S2UR UR4, SR_CTAID.X                                   0      0      0      64     2048   2048   32     32     0      0      -      -      -      0      0      0      0      0      -      0      0      0      0      0      0      0      0      0      0      0      0      0      0      0      0      0      0      0      0      0      0      0      0      0      0      0      0      0      0      0      0      0      0      0      0      0      0      0      0      0      0     
0x7fac377a3720           ULDC UR8, c[0x0][0x218]                                0      0      0      64     2048   2048   32     32     0      0      -      -      -      0      0      0      0      0      -      0      0      0      0      0      0      0      0      0      0      0      0      0      0      0      0      0      0      0      0      0      0      0      0      0      0      0      0      0      0      0      0      0      0      0      0      0      0      0      0      0      0     
0x7fac377a3730           ULDC.64 UR6, c[0x0][0x208]                             0      0      0      64     2048   2048   32     32     0      0      -      -      -      0      0      0      0      0      -      0      0      0      0      0      0      0      0      0      0      0      0      0      0      0      0      0      0      0      0      0      0      0      0      0      0      0      0      0      0      0      0      0      0      0      0      0      0      0      0      0      0     
0x7fac377a3740           I2FP.F32.U32 R0, UR4                                   0      0      0      64     2048   2048   32     32     0      0      -      -      -      0      0      0      0      0      -      0      0      0      0      0      0      0      0      0      0      0      0      0      0      0      0      0      0      0      0      0      0      0      0      0      0      0      0      0      0      0      0      0      0      0      0      0      0      0      0      0      0     
0x7fac377a3750           ULDC UR4, c[0x0][0x150]                                0      0      0      64     2048   2048   32     32     0      0      -      -      -      0      0      0      0      0      -      0      0      0      0      0      0      0      0      0      0      0      0      0      0      0      0      0      0      0      0      0      0      0      0      0      0      0      0      0      0      0      0      0      0      0      0      0      0      0      0      0      0     
0x7fac377a3760           FMUL R0, R0, UR4                                       0      0      0      64     2048   2048   32     32     0      0      -      -      -      0      0      0      0      0      -      0      0      0      0      0      0      0      0      0      0      0      0      0      0      0      0      0      0      0      0      0      0      0      0      0      0      0      0      0      0      0      0      0      0      0      0      0      0      0      0      0      0     
0x7fac377a3770           UIADD3 UR4, UP0, UR8, 0x1ff, URZ                       0      0      0      64     2048   2048   32     32     0      0      -      -      -      0      0      0      0      0      -      0      0      0      0      0      0      0      0      0      0      0      0      0      0      0      0      0      0      0      0      0      0      0      0      0      0      0      0      0      0      0      0      0      0      0      0      0      0      0      0      0      0     
0x7fac377a3780           UIADD3.X UR5, URZ, URZ, URZ, UP0, !UPT                 0      0      0      64     2048   2048   32     32     0      0      -      -      -      0      0      0      0      0      -      0      0      0      0      0      0      0      0      0      0      0      0      0      0      0      0      0      0      0      0      0      0      0      0      0      0      0      0      0      0      0      0      0      0      0      0      0      0      0      0      0      0     
0x7fac377a3790           F2I.U32.TRUNC.NTZ R0, R0                               0      0      0      64     2048   2048   32     32     0      0      -      -      -      0      0      0      0      0      -      0      0      0      0      0      0      0      0      0      0      0      0      0      0      0      0      0      0      0      0      0      0      0      0      0      0      0      0      0      0      0      0      0      0      0      0      0      0      0      0      0      0     
0x7fac377a37a0           USHF.R.U64 UR4, UR4, 0x9, UR5                          0      0      0      64     2048   2048   32     32     0      0      -      -      -      0      0      0      0      0      -      0      0      0      0      0      0      0      0      0      0      0      0      0      0      0      0      0      0      0      0      0      0      0      0      0      0      0      0      0      0      0      0      0      0      0      0      0      0      0      0      0      0     
0x7fac377a37b0           USHF.R.U32.HI UR5, URZ, 0x9, UR5                       0      0      0      64     2048   2048   32     32     0      0      -      -      -      0      0      0      0      0      -      0      0      0      0      0      0      0      0      0      0      0      0      0      0      0      0      0      0      0      0      0      0      0      0      0      0      0      0      0      0      0      0      0      0      0      0      0      0      0      0      0      0     
0x7fac377a37c0           IMAD.U32 R2, RZ, RZ, UR5                               0      0      0      64     2048   2048   32     32     0      0      -      -      -      0      0      0      0      0      -      0      0      0      0      0      0      0      0      0      0      0      0      0      0      0      0      0      0      0      0      0      0      0      0      0      0      0      0      0      0      0      0      0      0      0      0      0      0      0      0      0      0     
0x7fac377a37d0           ISETP.LT.U32.AND P0, PT, R0, UR4, PT                   0      0      0      64     2048   2048   32     32     0      0      -      -      -      0      0      0      0      0      -      0      0      0      0      0      0      0      0      0      0      0      0      0      0      0      0      0      0      0      0      0      0      0      0      0      0      0      0      0      0      0      0      0      0      0      0      0      0      0      0      0      0     
0x7fac377a37e0           ISETP.GT.U32.AND.EX P0, PT, R2, RZ, PT, P0             0      0      0      64     2048   2048   32     32     0      0      -      -      -      0      0      0      0      0      -      0      0      0      0      0      0      0      0      0      0      0      0      0      0      0      0      0      0      0      0      0      0      0      0      0      0      0      0      0      0      0      0      0      0      0      0      0      0      0      0      0      0     
0x7fac377a37f0     @!P0  BRA 0x7fac377a38f0                                     0      0      0      64     2048   0      32     0      32     0      -      -      -      0      0      0      0      0      -      0      0      0      0      0      0      0      0      0      0      0      0      0      0      0      0      0      0      0      0      0      0      0      0      0      0      0      0      0      0      0      0      0      0      0      0      0      0      0      0      0      0     
0x7fac377a3800           S2R R2, SR_TID.X                                       0      0      0      64     2048   2048   32     32     0      0      -      -      -      0      0      0      0      0      -      0      0      0      0      0      0      0      0      0      0      0      0      0      0      0      0      0      0      0      0      0      0      0      0      0      0      0      0      0      0      0      0      0      0      0      0      0      0      0      0      0      0     
0x7fac377a3810           IMAD.SHL.U32 R5, R0, 0x200, RZ                         0      0      0      64     2048   2048   32     32     0      0      -      -      -      0      0      0      0      0      -      0      0      0      0      0      0      0      0      0      0      0      0      0      0      0      0      0      0      0      0      0      0      0      0      0      0      0      0      0      0      0      0      0      0      0      0      0      0      0      0      0      0     
0x7fac377a3820           SHF.R.U32.HI R7, RZ, 0x17, R0                          0      0      0      64     2048   2048   32     32     0      0      -      -      -      0      0      0      0      0      -      0      0      0      0      0      0      0      0      0      0      0      0      0      0      0      0      0      0      0      0      0      0      0      0      0      0      0      0      0      0      0      0      0      0      0      0      0      0      0      0      0      0     
0x7fac377a3830           ULDC.64 UR4, c[0x0][0x210]                             0      0      0      64     2048   2048   32     32     0      0      -      -      -      0      0      0      0      0      -      0      0      0      0      0      0      0      0      0      0      0      0      0      0      0      0      0      0      0      0      0      0      0      0      0      0      0      0      0      0      0      0      0      0      0      0      0      0      0      0      0      0     
0x7fac377a3840           BSSY B0, 0x7fac377a38f0                                0      0      0      64     2048   2048   32     32     0      0      -      -      -      0      0      0      0      0      -      0      0      0      0      0      0      0      0      0      0      0      0      0      0      0      0      0      0      0      0      0      0      0      0      0      0      0      0      0      0      0      0      0      0      0      0      0      0      0      0      0      0     
0x7fac377a3850           IMAD.WIDE.U32 R2, R2, 0x4, RZ                          0      0      0      64     2048   2048   32     32     0      0      -      -      -      0      0      0      0      0      -      0      0      0      0      0      0      0      0      0      0      0      0      0      0      0      0      0      0      0      0      0      0      0      0      0      0      0      0      0      0      0      0      0      0      0      0      0      0      0      0      0      0     
0x7fac377a3860           LOP3.LUT R5, R5, R2, RZ, 0xfc, !PT                     0      0      0      64     2048   2048   32     32     0      0      -      -      -      0      0      0      0      0      -      0      0      0      0      0      0      0      0      0      0      0      0      0      0      0      0      0      0      0      0      0      0      0      0      0      0      0      0      0      0      0      0      0      0      0      0      0      0      0      0      0      0     
0x7fac377a3870           LOP3.LUT R2, R7, R3, RZ, 0xfc, !PT                     0      0      0      64     2048   2048   32     32     0      0      -      -      -      0      0      0      0      0      -      0      0      0      0      0      0      0      0      0      0      0      0      0      0      0      0      0      0      0      0      0      0      0      0      0      0      0      0      0      0      0      0      0      0      0      0      0      0      0      0      0      0     
0x7fac377a3880           ISETP.GE.U32.AND P0, PT, R5, UR8, PT                   0      0      0      64     2048   2048   32     32     0      0      -      -      -      0      0      0      0      0      -      0      0      0      0      0      0      0      0      0      0      0      0      0      0      0      0      0      0      0      0      0      0      0      0      0      0      0      0      0      0      0      0      0      0      0      0      0      0      0      0      0      0     
0x7fac377a3890           LEA R4, P1, R5, UR4, 0x2                               0      0      0      64     2048   2048   32     32     0      0      -      -      -      0      0      0      0      0      -      0      0      0      0      0      0      0      0      0      0      0      0      0      0      0      0      0      0      0      0      0      0      0      0      0      0      0      0      0      0      0      0      0      0      0      0      0      0      0      0      0      0     
0x7fac377a38a0           ISETP.GE.U32.AND.EX P0, PT, R2, RZ, PT, P0             0      0      0      64     2048   2048   32     32     0      0      -      -      -      0      0      0      0      0      -      0      0      0      0      0      0      0      0      0      0      0      0      0      0      0      0      0      0      0      0      0      0      0      0      0      0      0      0      0      0      0      0      0      0      0      0      0      0      0      0      0      0     
0x7fac377a38b0           LEA.HI.X R5, R5, UR5, R2, 0x2, P1                      0      0      0      64     2048   2048   32     32     0      0      -      -      -      0      0      0      0      0      -      0      0      0      0      0      0      0      0      0      0      0      0      0      0      0      0      0      0      0      0      0      0      0      0      0      0      0      0      0      0      0      0      0      0      0      0      0      0      0      0      0      0     
0x7fac377a38c0     @P0   BRA 0x7fac377a38e0                                     0      0      0      64     2048   0      32     0      32     0      -      -      -      0      0      0      0      0      -      0      0      0      0      0      0      0      0      0      0      0      0      0      0      0      0      0      0      0      0      0      0      0      0      0      0      0      0      0      0      0      0      0      0      0      0      0      0      0      0      0      0     
0x7fac377a38d0           LDG.E.128 R4, desc[UR6][R4.64]                         0      0      0      64     2048   2048   32     32     0      0      Global Load   128    256    0      0      1024   1024          0      0      0      0      0      0      0      0      0      0      0      0      0      0      0      0      0      0      0      0      0      0      0      0      0      0      0      0      0      0      0      0      0      0      0      0      0      0      0      0      0      0     
0x7fac377a38e0           BSYNC B0                                               0      0      0      64     2048   2048   32     32     0      0      -      -      -      0      0      0      0      0      -      0      0      0      0      0      0      0      0      0      0      0      0      0      0      0      0      0      0      0      0      0      0      0      0      0      0      0      0      0      0      0      0      0      0      0      0      0      0      0      0      0      0     
0x7fac377a38f0           ULDC UR8, c[0x0][0x228]                                0      0      0      64     2048   2048   32     32     0      0      -      -      -      0      0      0      0      0      -      0      0      0      0      0      0      0      0      0      0      0      0      0      0      0      0      0      0      0      0      0      0      0      0      0      0      0      0      0      0      0      0      0      0      0      0      0      0      0      0      0      0     
0x7fac377a3900           S2R R12, SR_TID.X                                      0      0      0      64     2048   2048   32     32     0      0      -      -      -      0      0      0      0      0      -      0      0      0      0      0      0      0      0      0      0      0      0      0      0      0      0      0      0      0      0      0      0      0      0      0      0      0      0      0      0      0      0      0      0      0      0      0      0      0      0      0      0     
0x7fac377a3910           UIADD3 UR4, UP0, UR8, 0x1ff, URZ                       0      0      0      64     2048   2048   32     32     0      0      -      -      -      0      0      0      0      0      -      0      0      0      0      0      0      0      0      0      0      0      0      0      0      0      0      0      0      0      0      0      0      0      0      0      0      0      0      0      0      0      0      0      0      0      0      0      0      0      0      0      0     
0x7fac377a3920           UIADD3.X UR5, URZ, URZ, URZ, UP0, !UPT                 0      0      0      64     2048   2048   32     32     0      0      -      -      -      0      0      0      0      0      -      0      0      0      0      0      0      0      0      0      0      0      0      0      0      0      0      0      0      0      0      0      0      0      0      0      0      0      0      0      0      0      0      0      0      0      0      0      0      0      0      0      0     
0x7fac377a3930           USHF.R.U64 UR4, UR4, 0x9, UR5                          0      0      0      64     2048   2048   32     32     0      0      -      -      -      0      0      0      0      0      -      0      0      0      0      0      0      0      0      0      0      0      0      0      0      0      0      0      0      0      0      0      0      0      0      0      0      0      0      0      0      0      0      0      0      0      0      0      0      0      0      0      0     
0x7fac377a3940           USHF.R.U32.HI UR5, URZ, 0x9, UR5                       0      0      0      64     2048   2048   32     32     0      0      -      -      -      0      0      0      0      0      -      0      0      0      0      0      0      0      0      0      0      0      0      0      0      0      0      0      0      0      0      0      0      0      0      0      0      0      0      0      0      0      0      0      0      0      0      0      0      0      0      0      0     
0x7fac377a3950           ISETP.LT.U32.AND P0, PT, R0, UR4, PT                   0      0      0      64     2048   2048   32     32     0      0      -      -      -      0      0      0      0      0      -      0      0      0      0      0      0      0      0      0      0      0      0      0      0      0      0      0      0      0      0      0      0      0      0      0      0      0      0      0      0      0      0      0      0      0      0      0      0      0      0      0      0     
0x7fac377a3960           IMAD.U32 R2, RZ, RZ, UR5                               0      0      0      64     2048   2048   32     32     0      0      -      -      -      0      0      0      0      0      -      0      0      0      0      0      0      0      0      0      0      0      0      0      0      0      0      0      0      0      0      0      0      0      0      0      0      0      0      0      0      0      0      0      0      0      0      0      0      0      0      0      0     
0x7fac377a3970           ISETP.GT.U32.AND.EX P0, PT, R2, RZ, PT, P0             0      0      0      64     2048   2048   32     32     0      0      -      -      -      0      0      0      0      0      -      0      0      0      0      0      0      0      0      0      0      0      0      0      0      0      0      0      0      0      0      0      0      0      0      0      0      0      0      0      0      0      0      0      0      0      0      0      0      0      0      0      0     
0x7fac377a3980     @!P0  BRA 0x7fac377a3a80                                     0      0      0      64     2048   0      32     0      32     0      -      -      -      0      0      0      0      0      -      0      0      0      0      0      0      0      0      0      0      0      0      0      0      0      0      0      0      0      0      0      0      0      0      0      0      0      0      0      0      0      0      0      0      0      0      0      0      0      0      0      0     
0x7fac377a3990           S2R R2, SR_TID.X                                       0      0      0      64     2048   2048   32     32     0      0      -      -      -      0      0      0      0      0      -      0      0      0      0      0      0      0      0      0      0      0      0      0      0      0      0      0      0      0      0      0      0      0      0      0      0      0      0      0      0      0      0      0      0      0      0      0      0      0      0      0      0     
0x7fac377a39a0           IMAD.SHL.U32 R9, R0, 0x200, RZ                         0      0      0      64     2048   2048   32     32     0      0      -      -      -      0      0      0      0      0      -      0      0      0      0      0      0      0      0      0      0      0      0      0      0      0      0      0      0      0      0      0      0      0      0      0      0      0      0      0      0      0      0      0      0      0      0      0      0      0      0      0      0     
0x7fac377a39b0           SHF.R.U32.HI R11, RZ, 0x17, R0                         0      0      0      64     2048   2048   32     32     0      0      -      -      -      0      0      0      0      0      -      0      0      0      0      0      0      0      0      0      0      0      0      0      0      0      0      0      0      0      0      0      0      0      0      0      0      0      0      0      0      0      0      0      0      0      0      0      0      0      0      0      0     
0x7fac377a39c0           ULDC.64 UR4, c[0x0][0x220]                             0      0      0      64     2048   2048   32     32     0      0      -      -      -      0      0      0      0      0      -      0      0      0      0      0      0      0      0      0      0      0      0      0      0      0      0      0      0      0      0      0      0      0      0      0      0      0      0      0      0      0      0      0      0      0      0      0      0      0      0      0      0     
0x7fac377a39d0           BSSY B0, 0x7fac377a3a80                                0      0      0      64     2048   2048   32     32     0      0      -      -      -      0      0      0      0      0      -      0      0      0      0      0      0      0      0      0      0      0      0      0      0      0      0      0      0      0      0      0      0      0      0      0      0      0      0      0      0      0      0      0      0      0      0      0      0      0      0      0      0     
0x7fac377a39e0           IMAD.WIDE.U32 R2, R2, 0x4, RZ                          0      0      0      64     2048   2048   32     32     0      0      -      -      -      0      0      0      0      0      -      0      0      0      0      0      0      0      0      0      0      0      0      0      0      0      0      0      0      0      0      0      0      0      0      0      0      0      0      0      0      0      0      0      0      0      0      0      0      0      0      0      0     
0x7fac377a39f0           LOP3.LUT R9, R9, R2, RZ, 0xfc, !PT                     0      0      0      64     2048   2048   32     32     0      0      -      -      -      0      0      0      0      0      -      0      0      0      0      0      0      0      0      0      0      0      0      0      0      0      0      0      0      0      0      0      0      0      0      0      0      0      0      0      0      0      0      0      0      0      0      0      0      0      0      0      0     
0x7fac377a3a00           LOP3.LUT R2, R11, R3, RZ, 0xfc, !PT                    0      0      0      64     2048   2048   32     32     0      0      -      -      -      0      0      0      0      0      -      0      0      0      0      0      0      0      0      0      0      0      0      0      0      0      0      0      0      0      0      0      0      0      0      0      0      0      0      0      0      0      0      0      0      0      0      0      0      0      0      0      0     
0x7fac377a3a10           ISETP.GE.U32.AND P0, PT, R9, UR8, PT                   0      0      0      64     2048   2048   32     32     0      0      -      -      -      0      0      0      0      0      -      0      0      0      0      0      0      0      0      0      0      0      0      0      0      0      0      0      0      0      0      0      0      0      0      0      0      0      0      0      0      0      0      0      0      0      0      0      0      0      0      0      0     
0x7fac377a3a20           LEA R8, P1, R9, UR4, 0x2                               0      0      0      64     2048   2048   32     32     0      0      -      -      -      0      0      0      0      0      -      0      0      0      0      0      0      0      0      0      0      0      0      0      0      0      0      0      0      0      0      0      0      0      0      0      0      0      0      0      0      0      0      0      0      0      0      0      0      0      0      0      0     
0x7fac377a3a30           ISETP.GE.U32.AND.EX P0, PT, R2, RZ, PT, P0             0      0      0      64     2048   2048   32     32     0      0      -      -      -      0      0      0      0      0      -      0      0      0      0      0      0      0      0      0      0      0      0      0      0      0      0      0      0      0      0      0      0      0      0      0      0      0      0      0      0      0      0      0      0      0      0      0      0      0      0      0      0     
0x7fac377a3a40           LEA.HI.X R9, R9, UR5, R2, 0x2, P1                      0      0      0      64     2048   2048   32     32     0      0      -      -      -      0      0      0      0      0      -      0      0      0      0      0      0      0      0      0      0      0      0      0      0      0      0      0      0      0      0      0      0      0      0      0      0      0      0      0      0      0      0      0      0      0      0      0      0      0      0      0      0     
0x7fac377a3a50     @P0   BRA 0x7fac377a3a70                                     0      0      0      64     2048   0      32     0      32     0      -      -      -      0      0      0      0      0      -      0      0      0      0      0      0      0      0      0      0      0      0      0      0      0      0      0      0      0      0      0      0      0      0      0      0      0      0      0      0      0      0      0      0      0      0      0      0      0      0      0      0     
0x7fac377a3a60           LDG.E.128 R8, desc[UR6][R8.64]                         0      0      0      64     2048   2048   32     32     0      0      Global Load   128    256    0      0      1024   1024          0      0      0      0      0      0      0      0      0      0      0      0      0      0      0      0      0      0      0      0      0      0      0      0      0      0      0      0      0      0      0      0      0      0      0      0      0      0      0      0      0      0     
0x7fac377a3a70           BSYNC B0                                               0      0      0      64     2048   2048   32     32     0      0      -      -      -      0      0      0      0      0      -      0      0      0      0      0      0      0      0      0      0      0      0      0      0      0      0      0      0      0      0      0      0      0      0      0      0      0      0      0      0      0      0      0      0      0      0      0      0      0      0      0      0     
0x7fac377a3a80           ULDC UR8, c[0x0][0x238]                                0      0      0      64     2048   2048   32     32     0      0      -      -      -      0      0      0      0      0      -      0      0      0      0      0      0      0      0      0      0      0      0      0      0      0      0      0      0      0      0      0      0      0      0      0      0      0      0      0      0      0      0      0      0      0      0      0      0      0      0      0      0     
0x7fac377a3a90           IMAD.WIDE.U32 R2, R12, 0x4, RZ                         0      0      0      64     2048   2048   32     32     0      0      -      -      -      0      0      0      0      0      -      0      0      0      0      0      0      0      0      0      0      0      0      0      0      0      0      0      0      0      0      0      0      0      0      0      0      0      0      0      0      0      0      0      0      0      0      0      0      0      0      0      0     
0x7fac377a3aa0           UIADD3 UR4, UP0, UR8, 0x1ff, URZ                       0      0      0      64     2048   2048   32     32     0      0      -      -      -      0      0      0      0      0      -      0      0      0      0      0      0      0      0      0      0      0      0      0      0      0      0      0      0      0      0      0      0      0      0      0      0      0      0      0      0      0      0      0      0      0      0      0      0      0      0      0      0     
0x7fac377a3ab0           SHF.R.U32.HI R15, RZ, 0x17, R0                         0      0      0      64     2048   2048   32     32     0      0      -      -      -      0      0      0      0      0      -      0      0      0      0      0      0      0      0      0      0      0      0      0      0      0      0      0      0      0      0      0      0      0      0      0      0      0      0      0      0      0      0      0      0      0      0      0      0      0      0      0      0     
0x7fac377a3ac0           FADD R4, R4, R8                                        6      6      6      64     2048   2048   32     32     0      0      -      -      -      0      0      0      0      0      -      0      0      0      0      0      0      0      0      0      0      0      0      6      0      0      0      0      0      0      0      0      0      0      0      0      0      0      0      0      0      6      0      0      0      0      0      0      0      0      0      0      0     
0x7fac377a3ad0           IMAD.SHL.U32 R13, R0, 0x200, RZ                        0      0      0      64     2048   2048   32     32     0      0      -      -      -      0      0      0      0      0      -      0      0      0      0      0      0      0      0      0      0      0      0      0      0      0      0      0      0      0      0      0      0      0      0      0      0      0      0      0      0      0      0      0      0      0      0      0      0      0      0      0      0     
0x7fac377a3ae0           UIADD3.X UR5, URZ, URZ, URZ, UP0, !UPT                 0      0      0      64     2048   2048   32     32     0      0      -      -      -      0      0      0      0      0      -      0      0      0      0      0      0      0      0      0      0      0      0      0      0      0      0      0      0      0      0      0      0      0      0      0      0      0      0      0      0      0      0      0      0      0      0      0      0      0      0      0      0     
0x7fac377a3af0           LOP3.LUT R12, R15, R3, RZ, 0xfc, !PT                   0      0      0      64     2048   2048   32     32     0      0      -      -      -      0      0      0      0      0      -      0      0      0      0      0      0      0      0      0      0      0      0      0      0      0      0      0      0      0      0      0      0      0      0      0      0      0      0      0      0      0      0      0      0      0      0      0      0      0      0      0      0     
0x7fac377a3b00           FADD R5, R5, R9                                        0      0      0      64     2048   2048   32     32     0      0      -      -      -      0      0      0      0      0      -      0      0      0      0      0      0      0      0      0      0      0      0      0      0      0      0      0      0      0      0      0      0      0      0      0      0      0      0      0      0      0      0      0      0      0      0      0      0      0      0      0      0     
0x7fac377a3b10           FADD R6, R6, R10                                       0      0      0      64     2048   2048   32     32     0      0      -      -      -      0      0      0      0      0      -      0      0      0      0      0      0      0      0      0      0      0      0      0      0      0      0      0      0      0      0      0      0      0      0      0      0      0      0      0      0      0      0      0      0      0      0      0      0      0      0      0      0     
0x7fac377a3b20           LOP3.LUT R13, R13, R2, RZ, 0xfc, !PT                   0      0      0      64     2048   2048   32     32     0      0      -      -      -      0      0      0      0      0      -      0      0      0      0      0      0      0      0      0      0      0      0      0      0      0      0      0      0      0      0      0      0      0      0      0      0      0      0      0      0      0      0      0      0      0      0      0      0      0      0      0      0     
0x7fac377a3b30           USHF.R.U64 UR4, UR4, 0x9, UR5                          0      0      0      64     2048   2048   32     32     0      0      -      -      -      0      0      0      0      0      -      0      0      0      0      0      0      0      0      0      0      0      0      0      0      0      0      0      0      0      0      0      0      0      0      0      0      0      0      0      0      0      0      0      0      0      0      0      0      0      0      0      0     
0x7fac377a3b40           FADD R7, R7, R11                                       0      0      0      64     2048   2048   32     32     0      0      -      -      -      0      0      0      0      0      -      0      0      0      0      0      0      0      0      0      0      0      0      0      0      0      0      0      0      0      0      0      0      0      0      0      0      0      0      0      0      0      0      0      0      0      0      0      0      0      0      0      0     
0x7fac377a3b50           USHF.R.U32.HI UR5, URZ, 0x9, UR5                       0      0      0      64     2048   2048   32     32     0      0      -      -      -      0      0      0      0      0      -      0      0      0      0      0      0      0      0      0      0      0      0      0      0      0      0      0      0      0      0      0      0      0      0      0      0      0      0      0      0      0      0      0      0      0      0      0      0      0      0      0      0     
0x7fac377a3b60           ISETP.GE.U32.AND P0, PT, R13, UR8, PT                  0      0      0      64     2048   2048   32     32     0      0      -      -      -      0      0      0      0      0      -      0      0      0      0      0      0      0      0      0      0      0      0      0      0      0      0      0      0      0      0      0      0      0      0      0      0      0      0      0      0      0      0      0      0      0      0      0      0      0      0      0      0     
0x7fac377a3b70           ISETP.GE.U32.AND P1, PT, R0, UR4, PT                   0      0      0      64     2048   2048   32     32     0      0      -      -      -      0      0      0      0      0      -      0      0      0      0      0      0      0      0      0      0      0      0      0      0      0      0      0      0      0      0      0      0      0      0      0      0      0      0      0      0      0      0      0      0      0      0      0      0      0      0      0      0     
0x7fac377a3b80           IMAD.U32 R0, RZ, RZ, UR5                               0      0      0      64     2048   2048   32     32     0      0      -      -      -      0      0      0      0      0      -      0      0      0      0      0      0      0      0      0      0      0      0      0      0      0      0      0      0      0      0      0      0      0      0      0      0      0      0      0      0      0      0      0      0      0      0      0      0      0      0      0      0     
0x7fac377a3b90           ISETP.GE.U32.AND.EX P0, PT, R12, RZ, PT, P0            0      0      0      64     2048   2048   32     32     0      0      -      -      -      0      0      0      0      0      -      0      0      0      0      0      0      0      0      0      0      0      0      0      0      0      0      0      0      0      0      0      0      0      0      0      0      0      0      0      0      0      0      0      0      0      0      0      0      0      0      0      0     
0x7fac377a3ba0           ULDC.64 UR4, c[0x0][0x230]                             0      0      0      64     2048   2048   32     32     0      0      -      -      -      0      0      0      0      0      -      0      0      0      0      0      0      0      0      0      0      0      0      0      0      0      0      0      0      0      0      0      0      0      0      0      0      0      0      0      0      0      0      0      0      0      0      0      0      0      0      0      0     
0x7fac377a3bb0           ISETP.LE.U32.OR.EX P0, PT, R0, RZ, P0, P1              0      0      0      64     2048   2048   32     32     0      0      -      -      -      0      0      0      0      0      -      0      0      0      0      0      0      0      0      0      0      0      0      0      0      0      0      0      0      0      0      0      0      0      0      0      0      0      0      0      0      0      0      0      0      0      0      0      0      0      0      0      0     
0x7fac377a3bc0           LEA R2, P1, R13, UR4, 0x2                              0      0      0      64     2048   2048   32     32     0      0      -      -      -      0      0      0      0      0      -      0      0      0      0      0      0      0      0      0      0      0      0      0      0      0      0      0      0      0      0      0      0      0      0      0      0      0      0      0      0      0      0      0      0      0      0      0      0      0      0      0      0     
0x7fac377a3bd0           LEA.HI.X R3, R13, UR5, R12, 0x2, P1                    0      0      0      64     2048   2048   32     32     0      0      -      -      -      0      0      0      0      0      -      0      0      0      0      0      0      0      0      0      0      0      0      0      0      0      0      0      0      0      0      0      0      0      0      0      0      0      0      0      0      0      0      0      0      0      0      0      0      0      0      0      0     
0x7fac377a3be0     @P0   EXIT                                                   0      0      0      64     2048   0      32     0      32     0      -      -      -      0      0      0      0      0      -      0      0      0      0      0      0      0      0      0      0      0      0      0      0      0      0      0      0      0      0      0      0      0      0      0      0      0      0      0      0      0      0      0      0      0      0      0      0      0      0      0      0     
0x7fac377a3bf0           STG.E.128 desc[UR6][R2.64], R4                         0      0      0      64     2048   2048   32     32     0      0      Global Store  128    256    0      0      1024   1024          0      0      0      0      0      0      0      0      0      0      0      0      0      0      0      0      0      0      0      0      0      0      0      0      0      0      0      0      0      0      0      0      0      0      0      0      0      0      0      0      0      0     
0x7fac377a3c00           EXIT                                                   0      0      0      64     2048   2048   32     32     0      0      -      -      -      0      0      0      0      0      -      0      0      0      0      0      0      0      0      0      0      0      0      0      0      0      0      0      0      0      0      0      0      0      0      0      0      0      0      0      0      0      0      0      0      0      0      0      0      0      0      0      0     
0x7fac377a3c10           BRA 0x7fac377a3c10                                     0      0      0      0      0      0      0      0      0      0      -      -      -      0      0      0      0      0      -      0      0      0      0      0      0      0      0      0      0      0      0      0      0      0      0      0      0      0      0      0      0      0      0      0      0      0      0      0      0      0      0      0      0      0      0      0      0      0      0      0      0     
0x7fac377a3c20           NOP                                                    0      0      0      0      0      0      0      0      0      0      -      -      -      0      0      0      0      0      -      0      0      0      0      0      0      0      0      0      0      0      0      0      0      0      0      0      0      0      0      0      0      0      0      0      0      0      0      0      0      0      0      0      0      0      0      0      0      0      0      0      0     
0x7fac377a3c30           NOP                                                    0      0      0      0      0      0      0      0      0      0      -      -      -      0      0      0      0      0      -      0      0      0      0      0      0      0      0      0      0      0      0      0      0      0      0      0      0      0      0      0      0      0      0      0      0      0      0      0      0      0      0      0      0      0      0      0      0      0      0      0      0     
0x7fac377a3c40           NOP                                                    0      0      0      0      0      0      0      0      0      0      -      -      -      0      0      0      0      0      -      0      0      0      0      0      0      0      0      0      0      0      0      0      0      0      0      0      0      0      0      0      0      0      0      0      0      0      0      0      0      0      0      0      0      0      0      0      0      0      0      0      0     
0x7fac377a3c50           NOP                                                    0      0      0      0      0      0      0      0      0      0      -      -      -      0      0      0      0      0      -      0      0      0      0      0      0      0      0      0      0      0      0      0      0      0      0      0      0      0      0      0      0      0      0      0      0      0      0      0      0      0      0      0      0      0      0      0      0      0      0      0      0     
0x7fac377a3c60           NOP                                                    0      0      0      0      0      0      0      0      0      0      -      -      -      0      0      0      0      0      -      0      0      0      0      0      0      0      0      0      0      0      0      0      0      0      0      0      0      0      0      0      0      0      0      0      0      0      0      0      0      0      0      0      0      0      0      0      0      0      0      0      0     
0x7fac377a3c70           NOP                                                    0      0      0      0      0      0      0      0      0      0      -      -      -      0      0      0      0      0      -      0      0      0      0      0      0      0      0      0      0      0      0      0      0      0      0      0      0      0      0      0      0      0      0      0      0      0      0      0      0      0      0      0      0      0      0      0      0      0      0      0      0     
0x7fac377a3c80           NOP                                                    0      0      0      0      0      0      0      0      0      0      -      -      -      0      0      0      0      0      -      0      0      0      0      0      0      0      0      0      0      0      0      0      0      0      0      0      0      0      0      0      0      0      0      0      0      0      0      0      0      0      0      0      0      0      0      0      0      0      0      0      0     
0x7fac377a3c90           NOP                                                    0      0      0      0      0      0      0      0      0      0      -      -      -      0      0      0      0      0      -      0      0      0      0      0      0      0      0      0      0      0      0      0      0      0      0      0      0      0      0      0      0      0      0      0      0      0      0      0      0      0      0      0      0      0      0      0      0      0      0      0      0     
0x7fac377a3ca0           NOP                                                    0      0      0      0      0      0      0      0      0      0      -      -      -      0      0      0      0      0      -      0      0      0      0      0      0      0      0      0      0      0      0      0      0      0      0      0      0      0      0      0      0      0      0      0      0      0      0      0      0      0      0      0      0      0      0      0      0      0      0      0      0     
0x7fac377a3cb0           NOP                                                    0      0      0      0      0      0      0      0      0      0      -      -      -      0      0      0      0      0      -      0      0      0      0      0      0      0      0      0      0      0      0      0      0      0      0      0      0      0      0      0      0      0      0      0      0      0      0      0      0      0      0      0      0      0      0      0      0      0      0      0      0     
0x7fac377a3cc0           NOP                                                    0      0      0      0      0      0      0      0      0      0      -      -      -      0      0      0      0      0      -      0      0      0      0      0      0      0      0      0      0      0      0      0      0      0      0      0      0      0      0      0      0      0      0      0      0      0      0      0      0      0      0      0      0      0      0      0      0      0      0      0      0     
0x7fac377a3cd0           NOP                                                    0      0      0      0      0      0      0      0      0      0      -      -      -      0      0      0      0      0      -      0      0      0      0      0      0      0      0      0      0      0      0      0      0      0      0      0      0      0      0      0      0      0      0      0      0      0      0      0      0      0      0      0      0      0      0      0      0      0      0      0      0     
0x7fac377a3ce0           NOP                                                    0      0      0      0      0      0      0      0      0      0      -      -      -      0      0      0      0      0      -      0      0      0      0      0      0      0      0      0      0      0      0      0      0      0      0      0      0      0      0      0      0      0      0      0      0      0      0      0      0      0      0      0      0      0      0      0      0      0      0      0      0     
0x7fac377a3cf0           NOP                                                    0      0      0      0      0      0      0      0      0      0      -      -      -      0      0      0      0      0      -      0      0      0      0      0      0      0      0      0      0      0      0      0      0      0      0      0      0      0      0      0      0      0      0      0      0      0      0      0      0      0      0      0      0      0      0      0      0      0      0      0      0     
